126 96 236
46 161 109
114 128 164
191 82 55
162 153 65
144 146 149
111 97 59
217 106 102
15 48 2
229 196 202
44 2 15
201 183 148
109 71 196
215 166 245
132 178 218
143 143 194
141 180 24
165 112 121
171 169 151
78 41 3
172 121 50
28 73 238
55 101 77
186 168 113
11 213 94
119 173 9
1 156 41
73 149 64
52 85 26
68 4 175
130 225 253
154 223 170
124 109 58
140 88 142
112 159 48
220 68 136
71 124 18
135 43 216
218 202 133
227 45 203
19 89 214
47 65 38
197 64 5
106 246 72
107 236 84
187 1 25
88 245 100
243 224 108
50 239 12
30 107 28
67 221 75
223 190 176
150 185 249
61 194 114
20 211 174
203 32 83
125 248 197
251 172 54
87 234 246
43 227 122
155 10 80
231 141 191
53 247 143
48 145 234
12 75 155
237 208 188
38 154 52
255 184 19
77 214 127
131 165 53
32 29 13
198 204 4
182 57 179
160 175 171
31 39 16
221 216 67
36 17 211
100 200 61
94 54 57
84 230 123
212 80 47
33 93 30
58 20 247
179 8 178
18 135 161
22 110 184
173 103 34
189 15 32
233 117 115
133 111 217
127 7 76
26 139 255
4 164 150
181 78 104
213 231 251
96 232 137
211 5 8
158 160 147
80 114 105
146 0 70
72 18 252
63 91 44
235 19 240
210 92 156
184 254 162
108 3 212
136 150 82
6 30 106
219 13 222
113 104 215
118 197 73
97 74 125
86 36 157
57 116 227
195 42 186
142 11 152
129 217 21
83 77 88
62 58 195
185 131 140
152 25 29
81 38 118
148 205 89
102 79 7
157 83 224
23 23 86
64 61 87
247 167 103
225 138 243
193 195 185
79 31 20
105 6 231
39 220 207
244 203 93
82 215 160
60 170 180
222 171 42
74 115 39
27 63 33
177 86 177
159 24 69
246 182 17
2 102 187
29 84 166
117 186 254
207 251 62
166 126 241
153 76 220
190 142 232
188 158 200
